0 1.22477759775599e-05
0.004 1.25112189477541e-05
0.008 1.24837657169513e-05
0.012 1.25941871192778e-05
0.016 1.29259691273847e-05
0.02 1.34210433304449e-05
0.024 1.3410151884843e-05
0.028 1.51703896185868e-05
0.032 1.39764544577267e-05
0.036 1.37320910290644e-05
0.04 1.38970273134896e-05
0.044 1.40752231795472e-05
0.048 1.48064053307055e-05
0.052 1.46980782560992e-05
0.056 1.43627000134316e-05
0.06 1.44078407101272e-05
0.064 1.44475367494396e-05
0.068 1.46330004011462e-05
0.072 1.48693863625111e-05
0.076 1.51589337365378e-05
0.08 1.58938679811253e-05
0.084 1.58431342139491e-05
0.088 1.59189341981536e-05
0.092 1.57394164362937e-05
0.096 1.72341217900591e-05
0.1 1.60160922189929e-05
0.104 1.61356386529083e-05
0.108 1.54644992410407e-05
0.112 1.60822487466245e-05
0.116 1.59664722549238e-05
0.12 1.71562557704444e-05
0.124 1.68589888898478e-05
0.128 1.64885463879689e-05
0.132 1.68648388029749e-05
0.136 1.64678536338246e-05
0.14 1.72021189986176e-05
0.144 1.70905622336659e-05
0.148 1.70448536814639e-05
0.152 1.70037616694331e-05
0.156 1.69832458880634e-05
0.16 1.72747710663271e-05
0.164 1.7031060758999e-05
0.168 1.66651554621537e-05
0.172 1.71287418391871e-05
0.176 1.48917279944308e-05
0.18 1.76968447736152e-05
0.184 1.72185325003536e-05
0.188 1.74673571612571e-05
0.192 1.66500529508794e-05
0.196 1.66996686775836e-05
0.2 1.45839184932946e-05
0.204 1.7150210995247e-05
0.208 1.67908896235915e-05
0.212 1.70565865397192e-05
0.216 1.75337888826469e-05
0.22 1.69913199964474e-05
0.224 1.72515562617726e-05
0.228 1.71301482311239e-05
0.232 1.70977507327896e-05
0.236 1.69091801365846e-05
0.24 1.67501489563563e-05
0.244 1.6561697695041e-05
0.248 1.64764996811411e-05
0.252 1.64773354061651e-05
0.256 1.64844180035749e-05
0.26 1.64489355010559e-05
0.264 1.66752782108764e-05
0.268 1.59221728817591e-05
0.272 1.58456141175675e-05
0.276 1.59153540542366e-05
0.28 1.55577887989063e-05
0.284 1.54266277235443e-05
0.288 1.54844905695115e-05
0.292 1.54205522497322e-05
0.296 1.53925843694942e-05
0.3 1.54451172342971e-05
0.304 1.51886966714865e-05
0.308 1.45256314004111e-05
0.312 1.45913952061487e-05
0.316 1.43470277507744e-05
0.32 1.39858678488825e-05
0.324 1.43222457288665e-05
0.328 1.60564732773557e-05
0.332 1.4106997120877e-05
0.336 1.36543461024812e-05
0.34 1.37124720377647e-05
0.344 1.32541350428405e-05
0.348 1.30633757545007e-05
0.352 1.30881836219038e-05
0.356 1.26767004424948e-05
0.36 1.26392603584208e-05
0.364 1.40784449947135e-05
0.368 1.24977242855442e-05
0.372 1.2246311234759e-05
0.376 1.19559657129519e-05
0.38 1.19721381467058e-05
0.384 1.16577719918334e-05
0.388 1.29423290503561e-05
0.392 1.1411831112946e-05
0.396 1.29467801631541e-05
0.4 1.11879350964979e-05
0.404 1.06781389996154e-05
0.408 1.05954831210732e-05
0.412 1.06931404217853e-05
0.416 7.5461169493847e-06
0.42 9.86188965003216e-06
0.424 9.93018681662233e-06
0.428 9.72146004791995e-06
0.432 9.58881767729743e-06
0.436 9.45370741027403e-06
0.44 9.4855895705e-06
0.444 9.41157145899346e-06
0.448 8.89364581149392e-06
0.452 8.62748985830677e-06
0.456 9.03220895565124e-06
0.46 8.90978187520775e-06
0.464 8.54055660702874e-06
0.468 8.3300498534028e-06
0.472 8.43117089607921e-06
0.476 8.3620434652374e-06
0.48 7.96054005791996e-06
0.484 7.74208930650779e-06
0.488 9.38420590032333e-06
0.492 7.88075301313722e-06
0.496 7.67033492009234e-06
0.5 7.45449568987504e-06
0.504 7.83615425353445e-06
0.508 7.83210620082844e-06
0.512 7.37188329496063e-06
0.516 7.29372232882365e-06
0.52 7.43451994972173e-06
0.524 7.4848801482173e-06
0.528 7.48309444325625e-06
0.532 7.46373238372548e-06
0.536 7.40862935862201e-06
0.54 7.68049967787221e-06
0.544 7.62126712598769e-06
0.548 7.73133600872341e-06
0.552 7.68881636931914e-06
0.556 7.56398510688669e-06
0.56 8.07993028457932e-06
0.564 7.99981459690615e-06
0.568 8.23363777082338e-06
0.572 7.77223538674384e-06
0.576 7.75025822491826e-06
0.58 8.29631132225689e-06
0.584 7.95510200369615e-06
0.588 8.18483940182728e-06
0.592 8.23934593882881e-06
0.596 1.0168961882087e-05
0.6 1.00389725961046e-05
0.604 8.46875454823287e-06
0.608 8.20178195031678e-06
0.612 5.80348306041903e-06
0.616 9.0020329626979e-06
0.62 9.33785398974057e-06
0.624 9.46894337828706e-06
0.628 9.5690122662491e-06
0.632 9.57948926839831e-06
0.636 9.92093823708493e-06
0.64 1.01275702810673e-05
0.644 9.54045937039223e-06
0.648 7.7526310277214e-06
0.652 1.04043290691264e-05
0.656 1.08933498197085e-05
0.66 1.06435524850649e-05
0.664 1.10634421102768e-05
0.668 1.05034263042047e-05
0.672 1.1043359212594e-05
0.676 1.15184493628118e-05
0.68 1.14916060370827e-05
0.684 1.16609386402359e-05
0.688 1.18478479301422e-05
0.692 1.20889574271671e-05
0.696 1.22889450966683e-05
0.7 1.22227559259333e-05
0.704 1.2936025139636e-05
0.708 1.27669421602152e-05
0.712 1.29158829026408e-05
0.716 1.32896582256827e-05
0.72 1.35923199928547e-05
0.724 1.31285933128622e-05
0.728 1.42573290801258e-05
0.732 1.40102051824369e-05
0.736 1.43225768104697e-05
0.74 1.41438400848901e-05
0.744 1.43149660818366e-05
0.748 1.46323103993436e-05
0.752 1.50033492272837e-05
0.756 1.50681423928922e-05
0.76 1.69774674673029e-05
0.764 1.51901553782705e-05
0.768 1.56345032032114e-05
0.772 1.71898821207984e-05
0.776 1.58647642035277e-05
0.78 1.54544035369146e-05
0.784 1.60639826657213e-05
0.788 1.60190647183043e-05
0.792 1.6665453997878e-05
0.796 1.6226831501055e-05
0.8 1.61197408376681e-05
0.804 1.61241776827806e-05
0.808 1.66920698589435e-05
0.812 1.42704812044533e-05
0.816 1.68934194402034e-05
0.82 1.66170985347875e-05
0.824 1.72918322772373e-05
0.828 1.69726113904344e-05
0.832 1.67166404339133e-05
0.836 1.67959683363101e-05
0.84 1.71315035883354e-05
0.844 1.70720973287968e-05
0.848 1.45926985077781e-05
0.852 1.70779579933258e-05
0.856 1.73654213697282e-05
0.86 1.73035467357686e-05
0.864 1.74000769946466e-05
0.868 1.72619633676563e-05
0.872 1.70763596803577e-05
0.876 1.68923464713582e-05
0.88 1.73510629170413e-05
0.884 1.75429733507726e-05
0.888 1.70883964378852e-05
0.892 1.68260594766393e-05
0.896 1.68946688308846e-05
0.9 1.69073333017611e-05
0.904 1.67835498270456e-05
0.908 1.63835212900741e-05
0.912 1.67903694728737e-05
0.916 1.67884683544084e-05
0.92 1.82821456732209e-05
0.924 1.65865076689735e-05
0.928 1.63546359271658e-05
0.932 1.6516181015258e-05
0.936 1.32226724465541e-05
0.94 1.55889831772875e-05
0.944 1.68346357411189e-05
0.948 1.37577819049742e-05
0.952 1.57132239633288e-05
0.956 1.54450025742821e-05
0.96 1.53916725825553e-05
0.964 1.52414472785097e-05
0.968 1.50091598374336e-05
0.972 1.4408299366391e-05
0.976 1.46789338172582e-05
0.98 1.64396248032077e-05
0.984 1.41483406201084e-05
0.988 1.40607736842807e-05
0.992 1.40775779958302e-05
0.996 1.36118983929535e-05
1 1.34806803035635e-05
1.004 1.36107346164877e-05
1.008 1.3102458226619e-05
1.012 1.32172330149841e-05
1.016 1.28149185533426e-05
1.02 1.26532785985097e-05
1.024 1.27454106913956e-05
1.028 1.25790297977292e-05
1.032 1.25506182499942e-05
1.036 1.22126891784841e-05
1.04 1.2087783490748e-05
1.044 1.15998272909955e-05
1.048 1.06376546645984e-05
1.052 1.28997856962921e-05
1.056 1.12703301786e-05
1.06 1.11193613101911e-05
1.064 1.11074427208602e-05
1.068 1.09092286599802e-05
1.072 1.00420046615854e-05
1.076 1.03388675827639e-05
1.08 1.01937333308379e-05
1.084 9.77649586663396e-06
1.088 7.12071602754263e-06
1.092 9.53302443973839e-06
1.096 9.73549245846997e-06
1.1 9.00150924708423e-06
1.104 9.24313995619361e-06
1.108 8.73718468623972e-06
1.112 8.87679058674953e-06
1.116 9.06026418394051e-06
1.12 8.62322559466534e-06
1.124 8.43730922548743e-06
1.128 6.2447436693194e-06
1.132 8.72396264944271e-06
1.136 5.7773773845669e-06
1.14 8.02225718019565e-06
1.144 8.23302337722166e-06
1.148 7.70841665301743e-06
1.152 8.61005295598244e-06
1.156 7.59096763369804e-06
1.16 7.6974269864318e-06
1.164 7.47851654169526e-06
1.168 7.58928993698027e-06
1.172 7.91601922370042e-06
1.176 9.50819273614505e-06
1.18 8.12032872180957e-06
1.184 7.48630843185569e-06
1.188 7.9881352444973e-06
1.192 7.64815899911709e-06
1.196 7.44639185512059e-06
1.2 7.79251727043333e-06
1.204 7.53457008147019e-06
1.208 8.96592222829952e-06
1.212 6.98710119383283e-06
1.216 7.47088504754354e-06
1.22 7.40852845586439e-06
1.224 7.48151175101382e-06
1.228 7.70716616045928e-06
1.232 8.26857861171875e-06
1.236 7.48258788775506e-06
1.24 7.71921952716073e-06
1.244 7.197672407258e-06
1.248 7.71554480817628e-06
1.252 7.47940673670794e-06
1.256 7.93406862375002e-06
1.26 9.80377305639631e-06
1.264 8.16281025733805e-06
1.268 7.81316025376986e-06
1.272 8.24463590403674e-06
1.276 8.11967854961642e-06
1.28 1.01347833212584e-05
1.284 8.5300950392583e-06
1.288 6.08433008728317e-06
1.292 9.18001309584016e-06
1.296 8.59025910653963e-06
1.3 8.78282425770631e-06
1.304 8.97961797494336e-06
1.308 9.04444548508285e-06
1.312 9.24065793794381e-06
1.316 8.88623961876214e-06
1.32 1.11639864743295e-05
1.324 9.60147415146431e-06
1.328 9.63375081603218e-06
1.332 9.50486098445086e-06
1.336 9.94143993711591e-06
1.34 9.82579534656299e-06
1.344 1.0195259851664e-05
1.348 1.00354354658972e-05
1.352 1.0778192752974e-05
1.356 1.00598530177111e-05
1.36 1.06679083236698e-05
1.364 1.06089291305562e-05
1.368 1.07208446131564e-05
1.372 1.08286491469442e-05
1.376 1.17621176205724e-05
1.38 1.07016977923167e-05
1.384 1.17988804230404e-05
1.388 1.18578657169872e-05
1.392 1.19745185087086e-05
1.396 1.14213908916901e-05
1.4 1.18376611186201e-05
1.404 1.23594906998074e-05
1.408 1.24147358427262e-05
1.412 1.42765134376987e-05
1.416 1.26030897985879e-05
1.42 1.28755935836328e-05
1.424 1.28146835051733e-05
1.428 1.26758900930479e-05
1.432 1.30156969734654e-05
1.436 1.44434379455794e-05
1.44 1.34388258008131e-05
1.444 1.34352717292482e-05
1.448 1.34612055123024e-05
1.452 1.52905773286598e-05
1.456 1.37423910341329e-05
1.46 1.17055740777561e-05
1.464 1.3959334571871e-05
1.468 1.59879028128837e-05
1.472 1.39325318373427e-05
1.476 1.62976778517743e-05
1.48 1.66646931032595e-05
1.484 1.4460692219908e-05
1.488 1.48627697375036e-05
1.492 1.48334948935158e-05
1.496 1.50520081521365e-05
1.5 1.49864027006945e-05
1.504 1.50093558499931e-05
1.508 1.53165000443326e-05
1.512 1.51537767581504e-05
1.516 1.56235116650554e-05
1.52 1.59858377092077e-05
1.524 1.55814189867497e-05
1.528 1.62790953620552e-05
1.532 1.68960425392078e-05
1.536 1.60346937403947e-05
1.54 1.6194703144258e-05
1.544 1.65701798219631e-05
1.548 1.60418217497169e-05
1.552 1.63679247571484e-05
1.556 1.65990581604061e-05
1.56 1.66824405080154e-05
1.564 1.65551444441599e-05
1.568 1.68014192808733e-05
1.572 1.41453846084405e-05
1.576 1.63656402908449e-05
1.58 1.40014050424957e-05
1.584 1.86913661645994e-05
1.588 1.68901393876015e-05
1.592 1.71804354464783e-05
1.596 1.66856038264811e-05
1.6 1.67026209056007e-05
1.604 1.68754094403553e-05
1.608 1.70784446178181e-05
1.612 1.45088794604229e-05
1.616 1.69434346377976e-05
1.62 1.67946856705666e-05
1.624 1.72698667013233e-05
1.628 1.72531584070037e-05
1.632 1.72344800539935e-05
1.636 1.68910817192165e-05
1.64 1.69636231860312e-05
1.644 1.71688152146269e-05
1.648 1.75939107383201e-05
1.652 1.67067824111182e-05
1.656 1.70880444287226e-05
1.66 1.77408296581465e-05
1.664 1.6699546450267e-05
1.668 1.71681153607483e-05
1.672 1.71474805847744e-05
1.676 1.74128528685195e-05
1.68 1.72472845361559e-05
1.684 1.74019135641903e-05
1.688 1.7201927215321e-05
1.692 1.73947271878e-05
1.696 1.67712254391345e-05
1.7 1.74981628525583e-05
1.704 1.71305604222106e-05
1.708 1.7346785001469e-05
1.712 1.69733753962348e-05
1.716 1.71754420157917e-05
1.72 1.71877174512007e-05
1.724 1.7207639993385e-05
1.728 1.68567860110479e-05
1.732 1.67939735826135e-05
1.736 1.85875739616404e-05
1.74 1.68651482278357e-05
1.744 1.68236854423267e-05
1.748 1.70612832657417e-05
1.752 1.65085065317027e-05
1.756 1.65399597782394e-05
1.76 1.66339382846429e-05
1.764 1.62193014119871e-05
1.768 1.5973177921308e-05
1.772 1.62242938461233e-05
1.776 1.64011516690206e-05
1.78 1.61906619539765e-05
1.784 1.63307141713491e-05
1.788 1.63829035989437e-05
1.792 1.64321243513879e-05
1.796 1.61072897744225e-05
1.8 1.62508785872681e-05
1.804 1.63599826390346e-05
1.808 1.60353480446263e-05
1.812 1.57286387837888e-05
1.816 1.56210616741543e-05
1.82 1.6069097983439e-05
1.824 1.56933633125983e-05
1.828 1.29408948522313e-05
1.832 1.51328199667516e-05
1.836 1.53485862624399e-05
1.84 1.51181330413171e-05
1.844 1.49693103941697e-05
1.848 1.50560647200824e-05
1.852 1.50952436145324e-05
1.856 1.51420308394129e-05
1.86 1.47795500949833e-05
1.864 1.50217973771422e-05
1.868 1.47468525539461e-05
1.872 1.49200669236162e-05
1.876 1.45864631645896e-05
1.88 1.4618115170276e-05
1.884 1.45678002135501e-05
1.888 1.48807889898769e-05
1.892 1.41443273413413e-05
1.896 1.36510273383509e-05
1.9 1.42006484670626e-05
1.904 1.39745823202445e-05
1.908 1.38348282415964e-05
1.912 1.41922191654159e-05
1.916 1.43774709488784e-05
1.92 1.13319264509052e-05
1.924 1.5441636713016e-05
1.928 1.34650929340407e-05
1.932 1.39493718545654e-05
1.936 1.3360195102929e-05
1.94 1.34281014921139e-05
1.944 1.26268192363736e-05
1.948 1.31818085392477e-05
1.952 1.384472095731e-05
1.956 1.30750110642413e-05
1.96 1.06656253886511e-05
1.964 1.30562739228571e-05
1.968 1.30907737942335e-05
1.972 1.28558107529591e-05
1.976 1.25249635010634e-05
1.98 1.06068249750662e-05
1.984 1.26165056360885e-05
1.988 1.24494455001234e-05
1.992 1.26509029032797e-05
1.996 1.26731571466379e-05
2 1.20407714586718e-05
2.004 1.18070253837301e-05
2.008 1.21350330664208e-05
2.012 1.2238174724493e-05
2.016 1.20487680872845e-05
2.02 1.16453763546168e-05
2.024 1.16400450204125e-05
2.028 1.15383829318672e-05
2.032 1.21939298699292e-05
2.036 1.19870980135325e-05
2.04 1.15947064881993e-05
2.044 1.1407856213524e-05
2.048 1.15458537869491e-05
2.052 1.20646165206147e-05
2.056 1.16085832424317e-05
2.06 1.1164833979714e-05
2.064 1.08816245773672e-05
2.068 1.12206927951533e-05
2.072 1.11200784700188e-05
2.076 1.22716460342842e-05
2.08 1.08665073852034e-05
2.084 1.0787447076855e-05
2.088 1.12662473033428e-05
2.092 1.04871761152104e-05
2.096 1.11589455333033e-05
2.1 1.1043161952321e-05
2.104 1.07249520294809e-05
2.108 1.10380343600186e-05
2.112 1.03169227723684e-05
2.116 1.06346582075663e-05
2.12 1.03183912502079e-05
2.124 1.00459609587325e-05
2.128 1.03396181553884e-05
2.132 1.19256817927756e-05
2.136 9.85792287695233e-06
2.14 1.03138736196935e-05
2.144 9.35811424099366e-06
2.148 1.0184581586836e-05
2.152 9.68390383736258e-06
2.156 9.85554301727575e-06
2.16 9.86544484778002e-06
2.164 9.85966393969446e-06
2.168 9.30483392285012e-06
2.172 9.70268178060055e-06
2.176 9.66519554732898e-06
2.18 9.5988736166304e-06
2.184 9.52320379973791e-06
2.188 9.41547087174513e-06
2.192 9.76333761716718e-06
2.196 9.2540055563004e-06
2.2 6.45899661809228e-06
2.204 9.22987292879012e-06
2.208 9.38310038559919e-06
2.212 9.23671984607179e-06
2.216 8.99616680498847e-06
2.22 9.32172294928913e-06
2.224 8.86939405974682e-06
2.228 9.14868611953607e-06
2.232 8.94353250269355e-06
2.236 8.47533908917739e-06
2.24 1.03640632703291e-05
2.244 9.09672205817774e-06
2.248 8.53478614246772e-06
2.252 8.83798450749077e-06
2.256 8.8489561065359e-06
2.26 8.83149065263635e-06
2.264 8.45445072757546e-06
2.268 8.68991996786151e-06
2.272 8.64212680228056e-06
2.276 6.02918855320211e-06
2.28 8.42342077191489e-06
2.284 8.26323564299063e-06
2.288 1.0343063327486e-05
2.292 8.45869173027125e-06
2.296 8.30325099164786e-06
2.3 8.76664550436426e-06
2.304 8.48155202213404e-06
2.308 8.40507626330229e-06
2.312 8.47468104990719e-06
2.316 7.70084630493218e-06
2.32 8.55237504709137e-06
2.324 8.17591930313958e-06
2.328 7.91058108035421e-06
2.332 7.94853896555544e-06
2.336 6.0124427950675e-06
2.34 8.01112245475564e-06
2.344 8.3366825042377e-06
2.348 7.91606545391842e-06
2.352 8.02899258915443e-06
2.356 7.8322250658001e-06
2.36 7.79664890374376e-06
2.364 7.78751015540777e-06
2.368 7.67977177474469e-06
2.372 5.3624866022017e-06
2.376 7.67761023253293e-06
2.38 7.68847249460085e-06
2.384 9.2837667250053e-06
2.388 9.27255568648724e-06
2.392 7.68990512903262e-06
2.396 7.55534102836492e-06
2.4 7.445903164609e-06
2.404 7.7276824360532e-06
2.408 7.51989003466433e-06
2.412 9.1671138036513e-06
2.416 7.79673707820267e-06
2.42 7.50785331764707e-06
2.424 7.51581589340208e-06
2.428 7.41188265830062e-06
2.432 9.03218642388884e-06
2.436 7.53933095131249e-06
2.44 7.15372021444232e-06
2.444 9.4567705065531e-06
2.448 9.60027340540782e-06
2.452 7.81563279263742e-06
2.456 7.77294462278018e-06
2.46 7.69149576127043e-06
2.464 7.78578586388037e-06
2.468 9.03449500185179e-06
2.472 5.15590378619071e-06
2.476 7.5098925434198e-06
2.48 7.40034960435767e-06
2.484 7.21875721082727e-06
2.488 7.23435304697786e-06
2.492 5.1305438541496e-06
2.496 7.60953147252996e-06
2.5 7.49590422415026e-06
2.504 7.24674812515397e-06
2.508 7.24957990020028e-06
2.512 7.40566509908136e-06
2.516 7.10270457743013e-06
2.52 7.5161783784973e-06
2.524 7.78774638647441e-06
2.528 7.61709199284542e-06
2.532 7.46808909970088e-06
2.536 7.60484953272337e-06
2.54 7.79726201722378e-06
2.544 7.71708947756329e-06
2.548 7.44860377579285e-06
2.552 7.58012458965975e-06
2.556 8.21974682182372e-06
2.56 7.5380630150706e-06
2.564 8.24180731309062e-06
2.568 8.10705093490214e-06
2.572 7.8571871230523e-06
2.576 7.36223219006559e-06
2.58 7.5865434277619e-06
2.584 7.33040878580543e-06
2.588 7.85905431829247e-06
2.592 7.86094602219184e-06
2.596 7.74033502934479e-06
2.6 7.65159832154461e-06
2.604 7.82819250418712e-06
2.608 8.17065899138378e-06
2.612 7.94274766255756e-06
2.616 8.19951703422638e-06
2.62 8.36914349822894e-06
2.624 5.60792672664572e-06
2.628 6.11032619930109e-06
2.632 8.36018784780682e-06
2.636 7.987042036766e-06
2.64 8.11912839705896e-06
2.644 8.18455024015878e-06
2.648 7.95314600203826e-06
2.652 8.45948239177041e-06
2.656 7.90983754839906e-06
2.66 8.18502280761853e-06
2.664 8.91589130465318e-06
2.668 7.63598018859067e-06
2.672 8.4588941677453e-06
2.676 8.21851643851917e-06
2.68 6.59264962859619e-06
2.684 8.7529031872169e-06
2.688 8.55228487953158e-06
2.692 9.24913114452417e-06
2.696 9.28616248087672e-06
2.7 8.56461927345728e-06
2.704 9.31660264071718e-06
2.708 9.56710311866599e-06
2.712 9.08859959684228e-06
2.716 9.18692071357631e-06
2.72 9.41954491578295e-06
2.724 9.1468664103295e-06
2.728 9.18248341474983e-06
2.732 9.09504300841994e-06
2.736 9.84008660906444e-06
2.74 7.33549888998678e-06
2.744 9.51360129085541e-06
2.748 1.00111272024483e-05
2.752 9.51909727463735e-06
2.756 1.01472705762992e-05
2.76 9.96295036494775e-06
2.764 9.86204391279955e-06
2.768 1.03088354090534e-05
2.772 1.04378855637251e-05
2.776 1.01035378595395e-05
2.78 1.08187997447156e-05
2.784 9.96185153440339e-06
2.788 1.0639779585607e-05
2.792 1.0605888655162e-05
2.796 1.08198048509063e-05
2.8 1.07634898746304e-05
2.804 1.27403206277245e-05
2.808 1.09088245952357e-05
2.812 1.07278431276355e-05
2.816 1.11916390557306e-05
2.82 1.10800840813289e-05
2.824 9.07266410713421e-06
2.828 1.15026610384875e-05
2.832 1.16471552376634e-05
2.836 1.15697065944385e-05
2.84 1.14602855018973e-05
2.844 1.18849002345642e-05
2.848 1.22030466455433e-05
2.852 1.19273013006701e-05
2.856 1.21451301154849e-05
2.86 1.20206267829637e-05
2.864 1.26668533574484e-05
2.868 1.26783556317562e-05
2.872 1.25357350122249e-05
2.876 1.2844212356095e-05
2.88 1.26646227291748e-05
2.884 1.24524384570759e-05
2.888 1.30778185007711e-05
2.892 1.32500774297319e-05
2.896 1.32441996293966e-05
2.9 1.27648842187391e-05
2.904 1.32778572455079e-05
2.908 1.35897802719038e-05
2.912 1.33298197917855e-05
2.916 1.3438900290933e-05
2.92 1.35165895808342e-05
2.924 1.42384570317385e-05
2.928 1.42803278843978e-05
2.932 1.39724141424651e-05
2.936 1.45583594375122e-05
2.94 1.47144756671916e-05
2.944 1.41430023586632e-05
2.948 1.41595816766702e-05
2.952 1.45779343780416e-05
2.956 1.49733035069689e-05
2.96 1.44578783017492e-05
2.964 1.51832952789761e-05
2.968 1.3240401459688e-05
2.972 1.49171026397695e-05
2.976 1.53496688078917e-05
2.98 1.23892952468136e-05
2.984 1.51251332086116e-05
2.988 1.5456262257425e-05
2.992 1.56705286474757e-05
2.996 1.62013190076741e-05
3 1.5909728445979e-05
3.004 1.60671452225956e-05
3.008 1.59887217991011e-05
3.012 1.61504057803982e-05
3.016 1.61407472783442e-05
3.02 1.63035526786623e-05
3.024 1.75361194333317e-05
3.028 1.65058675446054e-05
3.032 1.65325974418291e-05
3.036 1.65516337833045e-05
3.04 1.6486319745897e-05
3.044 1.43418145118484e-05
3.048 1.67456812748944e-05
3.052 1.6851207896926e-05
3.056 1.84951761138683e-05
3.06 1.67829418664605e-05
3.064 1.70867096587849e-05
3.068 1.70075288164454e-05
3.072 1.70892713119476e-05
3.076 1.47788007538683e-05
3.08 1.65785849147259e-05
3.084 1.48224601309972e-05
3.088 1.70797347536389e-05
3.092 1.75561779276818e-05
3.096 1.72366671905373e-05
3.1 1.4843791682076e-05
3.104 1.75582029910954e-05
3.108 1.73986263088784e-05
3.112 1.73019325428098e-05
3.116 1.68560426087253e-05
3.12 1.73526873023615e-05
3.124 1.7301254839898e-05
3.128 1.73857075718029e-05
3.132 1.48190723213152e-05
3.136 1.73427651195426e-05
3.14 1.82823977113599e-05
3.144 1.70029132080084e-05
3.148 1.71722835747518e-05
3.152 1.7200240039221e-05
3.156 1.71261749521091e-05
3.16 1.66170383366592e-05
3.164 1.69238107690722e-05
3.168 1.69448931258266e-05
3.172 1.66743814208063e-05
3.176 1.64989257848892e-05
3.18 1.65341311896714e-05
3.184 1.65863678845446e-05
3.188 1.63833290692676e-05
3.192 1.59395690146377e-05
3.196 1.61683803986546e-05
3.2 1.59397211303656e-05
3.204 1.75262711815922e-05
3.208 1.48425601725884e-05
3.212 1.57794451695146e-05
3.216 1.53814740149787e-05
3.22 1.55393733245594e-05
3.224 1.54013230068793e-05
3.228 1.49696084599759e-05
3.232 1.48323801343685e-05
3.236 1.53388909366318e-05
3.24 1.48159099345837e-05
3.244 1.57090977340765e-05
3.248 1.42878512082655e-05
3.252 1.13679806573977e-05
3.256 1.41608294469442e-05
3.26 1.35807434066718e-05
3.264 1.34918267445477e-05
3.268 1.31276029766833e-05
3.272 1.30263840857169e-05
3.276 1.31142756620292e-05
3.28 1.3047577480876e-05
3.284 1.25236822936864e-05
3.288 1.23216322427932e-05
3.292 1.20942642689162e-05
3.296 1.16763805782107e-05
3.3 1.22254748477187e-05
3.304 1.18905332885929e-05
3.308 1.13090946944135e-05
3.312 1.14026777890471e-05
3.316 1.14244870604805e-05
3.32 1.10402343950039e-05
3.324 1.08516872055811e-05
3.328 1.03149452922129e-05
3.332 1.04535156066721e-05
3.336 1.03223991816312e-05
3.34 1.05685180136395e-05
3.344 1.03486443583409e-05
3.348 9.93655174377626e-06
3.352 1.07563227486779e-05
3.356 9.32602581103056e-06
3.36 9.27241168899959e-06
3.364 8.63113232308549e-06
3.368 9.07854440289663e-06
3.372 8.88667199202078e-06
3.376 8.80854710425056e-06
3.38 7.95508589684837e-06
3.384 8.33766326380994e-06
3.388 7.97780818673023e-06
3.392 8.15992839550456e-06
3.396 9.60702337372548e-06
3.4 7.67768167628728e-06
3.404 5.71430334948885e-06
3.408 7.82218540345766e-06
3.412 7.65153828545709e-06
3.416 7.43105654804291e-06
3.42 7.44358303314256e-06
3.424 5.06862625509259e-06
3.428 7.2713961393848e-06
3.432 9.31340772431073e-06
3.436 7.2020395343498e-06
3.44 7.80666107587771e-06
3.444 7.60338620777884e-06
3.448 8.98168693518859e-06
3.452 7.31888626450941e-06
3.456 7.47523213830005e-06
3.46 7.54706175212071e-06
3.464 7.32058095929892e-06
3.468 5.59417912697082e-06
3.472 7.55538313464655e-06
3.476 9.63362874265423e-06
3.48 8.19183606094018e-06
3.484 8.31420389929569e-06
3.488 8.26160919975325e-06
3.492 8.03406085834849e-06
3.496 8.62688257019071e-06
3.5 8.63592624113304e-06
3.504 8.61614839321153e-06
3.508 8.83390568325165e-06
3.512 9.31680522402789e-06
3.516 9.21828867808104e-06
3.52 9.4989984321475e-06
3.524 1.00193799121162e-05
3.528 9.34797868295191e-06
3.532 9.90401916829606e-06
3.536 1.00574699982405e-05
3.54 1.06842524719769e-05
3.544 1.10573972945693e-05
3.548 8.92485079544041e-06
3.552 1.10925435139778e-05
3.556 1.36414315379543e-05
3.56 1.17430586096e-05
3.564 1.15869005329042e-05
3.568 1.20749209980072e-05
3.572 1.23306279658859e-05
3.576 1.24640218894793e-05
3.58 1.291750167325e-05
3.584 1.34006556746741e-05
3.588 1.35335022571166e-05
3.592 1.32552379163008e-05
3.596 1.39218297687326e-05
3.6 1.41482532153429e-05
3.604 1.45518676162689e-05
3.608 1.47197857740613e-05
3.612 1.64100895030653e-05
3.616 1.55674938066475e-05
3.62 1.52900595113284e-05
3.624 1.49205739328314e-05
3.628 1.5480356683835e-05
3.632 1.57453167197792e-05
3.636 1.56754576588733e-05
3.64 1.67253881455788e-05
3.644 1.60539702586283e-05
3.648 1.63805399595434e-05
3.652 1.68346244225745e-05
3.656 1.42743328719062e-05
3.66 1.7173975514849e-05
3.664 1.64564503582959e-05
3.668 1.69731670442743e-05
3.672 1.76473923515506e-05
3.676 1.74089539013798e-05
3.68 1.68693088502313e-05
3.684 1.45655835693908e-05
3.688 1.75188511019706e-05
3.692 1.76540182371854e-05
3.696 1.70146798760603e-05
3.7 1.72241998746073e-05
3.704 1.74769974175258e-05
3.708 1.68617136775074e-05
3.712 1.6983077049733e-05
3.716 1.68344041201108e-05
3.72 1.62831040307637e-05
3.724 1.66718641911076e-05
3.728 1.65351211774628e-05
3.732 1.61729302833747e-05
3.736 1.62375457632294e-05
3.74 1.36887058491433e-05
3.744 1.58768674382613e-05
3.748 1.51626990038777e-05
3.752 1.54889029302708e-05
3.756 1.52936990998843e-05
3.76 1.42863818554061e-05
3.764 1.42759389547268e-05
3.768 1.42310043252174e-05
3.772 1.38444105440008e-05
3.776 1.35364981875164e-05
3.78 1.35311683845969e-05
3.784 1.33327772213097e-05
3.788 1.27171500116749e-05
3.792 1.2584014299972e-05
3.796 1.00544455891838e-05
3.8 1.23140798326159e-05
3.804 1.15052580975479e-05
3.808 8.80788178124991e-06
3.812 1.10441293516357e-05
3.816 1.11088208772013e-05
3.82 1.05501348664167e-05
3.824 1.04005728193526e-05
3.828 9.74240941785373e-06
3.832 1.01165062701984e-05
3.836 9.48259642720064e-06
3.84 9.64386562475947e-06
3.844 8.81961886876802e-06
3.848 9.07158290662041e-06
3.852 8.57412375580498e-06
3.856 1.03043254997794e-05
3.86 8.44743486663699e-06
3.864 8.0919753547958e-06
3.868 5.93504662062841e-06
3.872 7.47864614996679e-06
3.876 7.61447490555175e-06
3.88 7.74910080855084e-06
3.884 7.70974875738525e-06
3.888 7.49438100895486e-06
3.892 5.34113846625503e-06
3.896 7.32754678206242e-06
3.9 7.42075388550655e-06
3.904 5.69505683309493e-06
3.908 7.28969102302627e-06
3.912 7.24353080661769e-06
3.916 7.52626972372804e-06
3.92 7.83575701070434e-06
3.924 8.09689103834394e-06
3.928 8.18597822402183e-06
3.932 8.64855648900906e-06
3.936 8.87324050948849e-06
3.94 8.32185199451938e-06
3.944 8.53583320100138e-06
3.948 9.13551934672732e-06
3.952 8.77370736056168e-06
3.956 9.57251809018895e-06
3.96 9.62881691910688e-06
3.964 1.00007765839603e-05
3.968 9.99033600856538e-06
3.972 1.03831326276016e-05
3.976 1.0853125025316e-05
3.98 1.13249483049448e-05
3.984 1.08280449132958e-05
3.988 1.16024107791454e-05
3.992 1.22118523515833e-05
3.996 9.88983029932687e-06
4 1.24501699193754e-05
4.004 1.29521702776303e-05
4.008 1.36884255754084e-05
4.012 1.52558476025191e-05
4.016 1.38123541251824e-05
4.02 1.11571152104294e-05
4.024 1.45866342714901e-05
4.028 1.4710151894095e-05
4.032 1.50234752034925e-05
4.036 1.51469661703986e-05
4.04 1.57916113975789e-05
4.044 1.56263576834812e-05
4.048 1.56401606767769e-05
4.052 1.60356176074695e-05
4.056 1.63064210668098e-05
4.06 1.65730935653086e-05
4.064 1.69869084539937e-05
4.068 1.66721960748125e-05
4.072 1.71858250667303e-05
4.076 1.6988014689799e-05
4.08 1.72243826889499e-05
4.084 1.66231189876724e-05
4.088 1.72464992544087e-05
4.092 1.68127044125116e-05
4.096 1.72331281401474e-05
4.1 1.74182788345055e-05
4.104 1.69307635880678e-05
4.108 1.68360546263954e-05
4.112 1.68748752650131e-05
4.116 1.69927150131255e-05
4.12 1.68120264341305e-05
4.124 1.66446092090262e-05
4.128 1.62662951334618e-05
4.132 1.81343410469098e-05
4.136 1.59254295275786e-05
4.14 1.62054808858853e-05
4.144 1.55454198011844e-05
4.148 1.5582367451606e-05
4.152 1.51123839742334e-05
4.156 1.46585847352812e-05
4.16 1.48885142245863e-05
4.164 1.41692334378302e-05
4.168 1.18860712218421e-05
4.172 1.3803730107302e-05
4.176 1.33383397390121e-05
4.18 1.31292438253409e-05
4.184 1.28685917635229e-05
4.188 1.25749466226967e-05
4.192 1.2418852981494e-05
4.196 1.32856182831149e-05
4.2 1.17117273392168e-05
4.204 1.1587133207177e-05
4.208 1.127930734803e-05
4.212 1.10984376075077e-05
4.216 1.0325465372888e-05
4.22 9.76289709326022e-06
4.224 9.36610019922486e-06
4.228 9.82556283433093e-06
4.232 9.25565618411555e-06
4.236 8.79028135553092e-06
4.24 8.65458881137691e-06
4.244 1.0100405766321e-05
4.248 8.49601055117082e-06
4.252 8.20930405887907e-06
4.256 7.85023675897368e-06
4.26 8.03620953452693e-06
4.264 7.54638175633267e-06
4.268 7.48408252706913e-06
4.272 7.5464073911749e-06
4.276 7.31967052540005e-06
4.28 7.58803954974858e-06
4.284 7.88779855183393e-06
4.288 7.30099265040999e-06
4.292 7.60875947001994e-06
4.296 7.5103125853795e-06
4.3 7.68127252299398e-06
4.304 7.68260435999461e-06
4.308 7.62041908586885e-06
4.312 7.92197316697102e-06
4.316 8.08157808478387e-06
4.32 8.21061635376862e-06
4.324 9.49344938813112e-06
4.328 8.64557694092628e-06
4.332 8.56980577566418e-06
4.336 9.15210719617829e-06
4.34 9.05246470217225e-06
4.344 9.55992915459502e-06
4.348 7.48443968102459e-06
4.352 1.00473845837002e-05
4.356 1.04732684112e-05
4.36 1.05523888933706e-05
4.364 1.08922145056956e-05
4.368 1.14280372106599e-05
4.372 1.13541070629593e-05
4.376 1.16950164036334e-05
4.38 1.23189755527471e-05
4.384 1.19211738685004e-05
4.388 1.27857956225317e-05
4.392 1.32726780918477e-05
4.396 1.3272068186774e-05
4.4 1.37623976511458e-05
4.404 1.41378762895436e-05
4.408 1.39886233027487e-05
4.412 1.45096047465928e-05
4.416 1.51441715918001e-05
4.42 1.50417136969627e-05
4.424 1.52723865480802e-05
4.428 1.59736983636991e-05
4.432 1.58820100517387e-05
4.436 1.61809808148337e-05
4.44 1.62854942448425e-05
4.444 1.66525969091952e-05
4.448 1.64044351082735e-05
4.452 1.65187960122263e-05
4.456 1.66411622787868e-05
4.46 1.71794433845657e-05
4.464 1.71459117794218e-05
4.468 1.70681323219608e-05
4.472 1.70096381086263e-05
4.476 1.71604030973987e-05
4.48 1.48515140810728e-05
4.484 1.49031330929176e-05
4.488 1.7084497146664e-05
4.492 1.76915556915292e-05
4.496 1.69865059853503e-05
4.5 1.72332316112505e-05
4.504 1.68743974474339e-05
4.508 1.70684765450667e-05
4.512 1.66893069674081e-05
4.516 1.64488670469529e-05
4.52 1.65261171092729e-05
4.524 1.61850094793673e-05
4.528 1.60837121606914e-05
4.532 1.58538085573916e-05
4.536 1.59146792923639e-05
4.54 1.54387920800384e-05
4.544 1.52238474199332e-05
4.548 1.48640219233873e-05
4.552 1.47040112069943e-05
4.556 1.44871645858121e-05
4.56 1.3911893520779e-05
4.564 1.370181786029e-05
4.568 1.34520914589725e-05
4.572 1.33990108155087e-05
4.576 1.52257633246145e-05
4.58 1.28475620781052e-05
4.584 1.25381698280124e-05
4.588 1.26428295807932e-05
4.592 9.73570221208262e-06
4.596 1.19922656379953e-05
4.6 1.09624406131431e-05
4.604 1.30887324619314e-05
4.608 1.07918032094838e-05
4.612 1.00043818360872e-05
4.616 1.02833831948211e-05
4.62 9.9959940168653e-06
4.624 1.02150392713805e-05
4.628 9.32817077647646e-06
4.632 9.73437084500009e-06
4.636 9.10174241193029e-06
4.64 9.22588406145785e-06
4.644 6.35950036583789e-06
4.648 8.73718227183296e-06
4.652 8.55941620258655e-06
4.656 8.25203364634486e-06
4.66 8.26130600535823e-06
4.664 8.55665761323236e-06
4.668 7.95756065567383e-06
4.672 8.0833020036176e-06
4.676 7.67088839448461e-06
4.68 7.8222247307409e-06
4.684 7.59133202277174e-06
4.688 7.47080038936831e-06
4.692 7.53559472166996e-06
4.696 7.63803053035693e-06
4.7 7.44166720948171e-06
4.704 7.54769943907623e-06
4.708 9.20797504538779e-06
4.712 7.77020108700907e-06
4.716 7.630275334318e-06
4.72 5.17781654493133e-06
4.724 7.65451925139619e-06
4.728 7.96843836022256e-06
4.732 8.21514236178838e-06
4.736 8.39928052849067e-06
4.74 8.04270231991259e-06
4.744 8.40642958690266e-06
4.748 5.77669130414975e-06
4.752 9.13944718142163e-06
4.756 9.014650214908e-06
4.76 9.25087455685676e-06
4.764 9.16891537239903e-06
4.768 9.35238375998081e-06
4.772 9.83985647883099e-06
4.776 9.85581153495625e-06
4.78 1.00840360722941e-05
4.784 1.05666495706858e-05
4.788 1.0512939228874e-05
4.792 1.0457553977445e-05
4.796 1.07027081729329e-05
4.8 1.08434902622278e-05
4.804 1.08558257499284e-05
4.808 1.18737227060674e-05
4.812 1.17735100231687e-05
4.816 1.19601285391013e-05
4.82 1.26500743566597e-05
4.824 1.2118788386811e-05
4.828 1.44409487732318e-05
4.832 1.2996737155721e-05
4.836 1.30315714143314e-05
4.84 1.37345101512079e-05
4.844 1.33479677369002e-05
4.848 1.33752473005591e-05
4.852 1.45300024569904e-05
4.856 1.43403719119122e-05
4.86 1.42426105891586e-05
4.864 1.44442342136876e-05
4.868 1.53468758578024e-05
4.872 1.50230969599371e-05
4.876 1.50975352025257e-05
4.88 1.52221323485229e-05
4.884 1.55615552491435e-05
4.888 1.29903551089648e-05
4.892 1.57238931052642e-05
4.896 1.60558198076339e-05
4.9 1.64527910007719e-05
4.904 1.62795000668606e-05
4.908 1.62956830818736e-05
4.912 1.61476802311472e-05
4.916 1.68687374460331e-05
4.92 1.67014420431437e-05
4.924 1.6886973403566e-05
4.928 1.69651616411565e-05
4.932 1.68475951990279e-05
4.936 1.72319374487177e-05
4.94 1.69338936800834e-05
4.944 1.70233076532854e-05
4.948 1.7061626249236e-05
4.952 1.72092164146514e-05
4.956 1.70490233376298e-05
4.96 1.67914146193269e-05
4.964 1.72118868052406e-05
4.968 1.72225614403565e-05
4.972 1.76311873962238e-05
4.976 1.72332311008222e-05
4.98 1.44426227430129e-05
4.984 1.74267128596392e-05
4.988 1.75339245998536e-05
4.992 1.67918430225878e-05
4.996 1.71140803217378e-05
5 1.84774049539425e-05
5.004 1.7104073343009e-05
5.008 1.67973687570463e-05
5.012 1.67923318184259e-05
5.016 1.67380820592545e-05
5.02 1.64337600957628e-05
5.024 1.66673499472443e-05
5.028 1.68047324951089e-05
5.032 1.63922915983183e-05
5.036 1.65027101892384e-05
5.04 1.66628609250194e-05
5.044 1.63605929005979e-05
5.048 1.57012565754345e-05
5.052 1.6067976102602e-05
5.056 1.55828315119279e-05
5.06 1.54641435373497e-05
5.064 1.54792292693073e-05
5.068 1.32611992081182e-05
5.072 1.53564637830199e-05
5.076 1.49548901877637e-05
5.08 1.56001828324448e-05
5.084 1.50178302799809e-05
5.088 1.55590110234605e-05
5.092 1.46592025965544e-05
5.096 1.47875328610123e-05
5.1 1.460578340141e-05
5.104 1.43941876207034e-05
5.108 1.203962608193e-05
5.112 1.41028149227592e-05
5.116 1.41489950053603e-05
5.12 1.38204512838591e-05
5.124 1.35275872117213e-05
5.128 1.33131887098699e-05
5.132 1.35336809232167e-05
5.136 1.3650170086217e-05
5.14 1.324481486561e-05
5.144 1.328893543494e-05
5.148 1.2855485788393e-05
5.152 1.30683885409515e-05
5.156 1.25194109488654e-05
5.16 1.26447067334357e-05
5.164 1.26977107964543e-05
5.168 1.24560118600989e-05
5.172 1.21593505580888e-05
5.176 1.2044512322679e-05
5.18 1.18210332694169e-05
5.184 1.16396926142502e-05
5.188 1.18650226181701e-05
5.192 1.28640384111313e-05
5.196 1.14806823939893e-05
5.2 8.73142637473285e-06
5.204 1.11468283873736e-05
5.208 1.11379748469125e-05
5.212 1.1093806362141e-05
5.216 1.07890327020345e-05
5.22 1.07801477013672e-05
5.224 1.07768516634481e-05
5.228 1.05847540159686e-05
5.232 1.06283615076583e-05
5.236 1.21663887482388e-05
5.24 1.06830755216004e-05
5.244 1.03318744075265e-05
5.248 1.03786700261164e-05
5.252 1.02340462429751e-05
5.256 9.78602753131277e-06
5.26 9.84616185601957e-06
5.264 1.14345194796027e-05
5.268 9.98387735705781e-06
5.272 9.94692915569771e-06
5.276 9.70939371796074e-06
5.28 9.28946624813821e-06
5.284 9.56248856349367e-06
5.288 1.13748484698304e-05
5.292 9.61849992406865e-06
5.296 6.48767180608208e-06
5.3 9.11704398212964e-06
5.304 8.8966507189497e-06
5.308 9.00310879156176e-06
5.312 9.43350405962049e-06
5.316 8.93937504009202e-06
5.32 9.04276455565268e-06
5.324 8.70625394811325e-06
5.328 8.79149514586554e-06
5.332 8.63627825839762e-06
5.336 8.75090433389007e-06
5.34 8.83385329548621e-06
5.344 8.71382888195094e-06
5.348 8.35812629282259e-06
5.352 8.58661925871857e-06
5.356 8.75683778711136e-06
5.36 8.54914087632e-06
5.364 8.11510618174609e-06
5.368 1.00674375362575e-05
5.372 8.74293707515819e-06
5.376 8.82593993149849e-06
5.38 8.50738504016521e-06
5.384 8.34842768568989e-06
5.388 8.26918341250972e-06
5.392 8.10221468371595e-06
5.396 8.52097439087096e-06
5.4 8.55604697897539e-06
5.404 8.19349170391568e-06
5.408 8.13982355750799e-06
5.412 8.08669082605409e-06
5.416 8.05689274447271e-06
5.42 7.90815839331479e-06
5.424 8.26893391030795e-06
5.428 7.89964192186164e-06
5.432 8.35074084130324e-06
5.436 8.04656341813553e-06
5.44 7.66833810037657e-06
5.444 8.15087564217976e-06
5.448 7.94319861378499e-06
5.452 8.06695646176034e-06
5.456 8.34851228715087e-06
5.46 8.08992461602976e-06
5.464 8.30093240767031e-06
5.468 8.01463100908165e-06
5.472 5.40715473143758e-06
5.476 5.57451021902674e-06
5.48 9.40294762745992e-06
5.484 8.00800700311927e-06
5.488 8.10002572421401e-06
5.492 7.84299231529065e-06
5.496 7.59279001657652e-06
5.5 7.67917291274618e-06
5.504 7.87054895238022e-06
5.508 9.34016383162116e-06
5.512 8.05837966254637e-06
5.516 7.76394257199731e-06
5.52 7.93553831689493e-06
5.524 7.81738391000634e-06
5.528 7.45433090256276e-06
5.532 7.8999509821308e-06
5.536 7.53037475805395e-06
5.54 7.68203800336494e-06
5.544 9.39124780930787e-06
5.548 5.6932991854849e-06
5.552 7.97150155372606e-06
5.556 7.56105953456842e-06
5.56 7.91746397877821e-06
5.564 7.92165091658708e-06
5.568 7.68026044095018e-06
5.572 7.90588833243146e-06
5.576 7.69424985399459e-06
5.58 7.99197074838819e-06
5.584 5.54290820290308e-06
5.588 8.149970620441e-06
5.592 9.62653617163794e-06
5.596 7.36453858858083e-06
5.6 7.983355748074e-06
5.604 7.91655943505959e-06
5.608 7.74002749225841e-06
5.612 8.2161897930157e-06
5.616 7.66453600928257e-06
5.62 7.7198034571067e-06
5.624 7.77573824533848e-06
5.628 8.53094530743707e-06
5.632 8.21319626892065e-06
5.636 5.19443155240731e-06
5.64 7.919962152488e-06
5.644 8.10061668672732e-06
5.648 8.37654488645331e-06
5.652 7.84677772429232e-06
5.656 7.83603632029694e-06
5.66 8.24090114896478e-06
5.664 8.00042991413999e-06
5.668 7.93472366526686e-06
5.672 7.86201344114223e-06
5.676 8.34746305727153e-06
5.68 8.04967979340401e-06
5.684 8.57926064114279e-06
5.688 5.92583172125509e-06
5.692 9.76260461785896e-06
5.696 7.9477659259848e-06
5.7 8.2521200545599e-06
5.704 1.00470127731614e-05
5.708 8.12316241703843e-06
5.712 8.46441588359391e-06
5.716 8.5285548583993e-06
5.72 8.33247288882978e-06
5.724 8.34510547819423e-06
5.728 8.44093280441999e-06
5.732 8.23288511597557e-06
5.736 8.50801155441294e-06
5.74 8.39276155732432e-06
5.744 8.77523539646857e-06
5.748 8.41228922247303e-06
5.752 8.45989405622477e-06
5.756 8.438272330723e-06
5.76 8.2939350517823e-06
5.764 8.32645883655334e-06
5.768 8.80801221592912e-06
5.772 8.5588266012153e-06
5.776 6.37846095327571e-06
5.78 8.93164308069264e-06
5.784 9.00073473294302e-06
5.788 8.90466590122511e-06
5.792 8.44066171839404e-06
5.796 9.25236547733626e-06
5.8 7.11755928793029e-06
5.804 1.06455155760044e-05
5.808 9.17410807266355e-06
5.812 9.18182360113372e-06
5.816 9.48287166146908e-06
5.82 9.40939977303249e-06
5.824 9.48876791824263e-06
5.828 9.32962996128054e-06
5.832 9.06468998597776e-06
5.836 9.05444945795626e-06
5.84 9.73222454271823e-06
5.844 9.45654670400984e-06
5.848 9.40220579693234e-06
5.852 9.6589968334457e-06
5.856 9.46430378782318e-06
5.86 9.57120253828089e-06
5.864 9.92628654505484e-06
5.868 9.63625053723087e-06
5.872 9.89648530367938e-06
5.876 9.79084838863037e-06
5.88 1.06116900776029e-05
5.884 1.02126720022681e-05
5.888 1.00402041136942e-05
5.892 1.03082285098351e-05
5.896 1.03362461365748e-05
5.9 9.94118921150668e-06
5.904 1.02879146636132e-05
5.908 1.07597741350372e-05
5.912 1.08066285095929e-05
5.916 1.09803192546798e-05
5.92 1.08394455799688e-05
5.924 1.07036836823858e-05
5.928 1.10849676403039e-05
5.932 1.07966723387325e-05
5.936 1.09687818580455e-05
5.94 1.12093385045349e-05
5.944 1.28542760166683e-05
5.948 1.11854493756176e-05
5.952 1.15285393469005e-05
5.956 1.18105210315126e-05
5.96 1.11993059476781e-05
5.964 1.15358964574976e-05
5.968 1.18202570052358e-05
5.972 1.16223883584609e-05
5.976 1.17735767920482e-05
5.98 1.20102301125025e-05
5.984 1.1976959360513e-05
5.988 1.21148010345594e-05
5.992 1.22955177114157e-05
5.996 1.229709050297e-05
6 1.25157184297076e-05
6.004 1.24267687193783e-05
6.008 1.27327592728993e-05
6.012 1.25341790080894e-05
6.016 1.32500579767432e-05
6.02 1.30422416095315e-05
6.024 1.31091543082945e-05
6.028 1.2933185132921e-05
6.032 1.33479234997831e-05
6.036 1.29235124198957e-05
6.04 1.37149919492374e-05
6.044 1.36055542232161e-05
6.048 1.34961348321025e-05
6.052 1.36684702199779e-05
6.056 1.10290153759803e-05
6.06 1.37216159633018e-05
6.064 1.35451710525724e-05
6.068 1.42264733506495e-05
6.072 1.35603228404303e-05
6.076 1.21319649711854e-05
6.08 1.45288075281958e-05
6.084 1.40774867182915e-05
6.088 1.39262598972572e-05
6.092 1.44116794953427e-05
6.096 1.64960020031209e-05
6.1 1.43242959734083e-05
6.104 1.44870896419781e-05
6.108 1.47458034293932e-05
6.112 1.68130612261815e-05
6.116 1.51686834675183e-05
6.12 1.4987856594869e-05
6.124 1.52715613800092e-05
6.128 1.534065490383e-05
6.132 1.53353780153083e-05
6.136 1.5451695812143e-05
6.14 1.61762926364593e-05
6.144 1.57256926890131e-05
6.148 1.53781403025918e-05
6.152 1.5468249786981e-05
6.156 1.52484733318096e-05
6.16 1.57030240589163e-05
6.164 1.57117890036127e-05
6.168 1.64812531619265e-05
6.172 1.60442415443295e-05
6.176 1.59878819015286e-05
6.18 1.60219651500045e-05
6.184 1.61133165468957e-05
6.188 1.59701279827356e-05
6.192 1.62784187205101e-05
6.196 1.59396153825904e-05
6.2 1.63766784076064e-05
6.204 1.63357740468338e-05
6.208 1.66273850175577e-05
6.212 1.65519725699441e-05
6.216 1.62212764696339e-05
6.22 1.64733815072206e-05
6.224 1.73461826393909e-05
6.228 1.69488643388222e-05
6.232 1.70821190046191e-05
6.236 1.68510264599295e-05
6.24 1.6694224149833e-05
6.244 1.71298478481354e-05
6.248 1.70903621781904e-05
6.252 1.7249927306904e-05
6.256 1.66564137378929e-05
6.26 1.67848608742216e-05
6.264 1.74308197817396e-05
6.268 1.71835704402257e-05
6.272 1.71507557275423e-05
6.276 1.70815706102035e-05
6.28 1.69577665401122e-05
6.284 1.42471286328769e-05
6.288 1.73920817595841e-05
6.292 1.70262684046445e-05
6.296 1.70611288652396e-05
6.3 1.7424897930634e-05
6.304 1.76131497522286e-05
6.308 1.67359050178477e-05
6.312 1.73102751607723e-05
6.316 1.74092962367113e-05
6.32 1.76632782973079e-05
6.324 1.77421931822103e-05
6.328 1.71966802395166e-05
6.332 1.71712226374303e-05
6.336 1.73164898194626e-05
6.34 1.7545843083858e-05
6.344 1.72092942914225e-05
6.348 1.71455840196533e-05
6.352 1.68793887229789e-05
6.356 1.71135135762104e-05
6.36 1.70196667603017e-05
6.364 1.70882050920985e-05
6.368 1.69126719764101e-05
6.372 1.48289974694794e-05
6.376 1.72183545877429e-05
6.38 1.69122952965476e-05
6.384 1.70853361287065e-05
6.388 1.71779988320388e-05
6.392 1.76155274162534e-05
6.396 1.45339710773344e-05
6.4 1.67199858861505e-05
6.404 1.68322051545943e-05
6.408 1.7177199047647e-05
6.412 1.68253120476048e-05
6.416 1.71271036317933e-05
6.42 1.86905929872941e-05
6.424 1.71414519002207e-05
6.428 1.71095360355246e-05
6.432 1.44944351261534e-05
6.436 1.67313841546209e-05
6.44 1.69044459629512e-05
6.444 1.88223217318156e-05
6.448 1.68204052925004e-05
6.452 1.68705130477551e-05
6.456 1.68883510575808e-05
6.46 1.68436974958058e-05
6.464 1.68946578121155e-05
6.468 1.6517923187979e-05
6.472 1.69131812622975e-05
6.476 1.68153206733975e-05
6.48 1.66520053147231e-05
6.484 1.67711530150337e-05
6.488 1.67203802446558e-05
6.492 1.62333338954555e-05
6.496 1.8613900806874e-05
6.5 1.64494443575354e-05
6.504 1.63447869867532e-05
6.508 1.68847740086416e-05
6.512 1.65816146225142e-05
6.516 1.65273584384282e-05
6.52 1.61958780124111e-05
6.524 1.61581101199565e-05
6.528 1.58724315653932e-05
6.532 1.66359238587326e-05
6.536 1.63258188482177e-05
6.54 1.66310036704524e-05
6.544 1.62979255310179e-05
6.548 1.61951410593093e-05
6.552 1.63541408441477e-05
6.556 1.58748789393367e-05
6.56 1.6189163838889e-05
6.564 1.62333932185638e-05
6.568 1.63535482045129e-05
6.572 1.61405580228829e-05
6.576 1.56655363186661e-05
6.58 1.58258382546448e-05
6.584 1.6158787069379e-05
6.588 1.59189244352001e-05
6.592 1.60232424603022e-05
6.596 1.60965835980801e-05
6.6 1.62283396302592e-05
6.604 1.62248003044e-05
6.608 1.59041653854402e-05
6.612 1.6097712616811e-05
6.616 1.61106227333201e-05
6.62 1.58509499646058e-05
6.624 1.61797389752501e-05
6.628 1.6328032113828e-05
6.632 1.58619406277419e-05
6.636 1.59829340042849e-05
6.64 1.61819358423392e-05
6.644 1.6070568130298e-05
6.648 1.58373115803776e-05
6.652 1.75117539046917e-05
6.656 1.77234596624363e-05
6.66 1.61073479308377e-05
6.664 1.34239140843869e-05
6.668 1.56854276356032e-05
6.672 1.58316010627817e-05
6.676 1.59488978286387e-05
6.68 1.58997766988303e-05
6.684 1.58008801430842e-05
6.688 1.62347247800952e-05
6.692 1.59938323123114e-05
6.696 1.58166011556926e-05
6.7 1.59468447402822e-05
6.704 1.61761082179135e-05
6.708 1.34326200381584e-05
6.712 1.57072695501401e-05
6.716 1.59495538505019e-05
6.72 1.57238491841265e-05
6.724 1.55119582300406e-05
6.728 1.63557194853721e-05
6.732 1.6330654224384e-05
6.736 1.37993596421713e-05
6.74 1.61925149625515e-05
6.744 1.60102576106121e-05
6.748 1.60920705938283e-05
6.752 1.58827103188211e-05
6.756 1.62679265432473e-05
6.76 1.60577480193079e-05
6.764 1.64905290777337e-05
6.768 1.62370966673683e-05
6.772 1.61377430028472e-05
6.776 1.61225583612329e-05
6.78 1.62119274329509e-05
6.784 1.60229673637683e-05
6.788 1.64324879707682e-05
6.792 1.67025789532577e-05
6.796 1.37257352815173e-05
6.8 1.6689396486805e-05
6.804 1.64602783678034e-05
6.808 1.61929133396666e-05
6.812 1.68489045447763e-05
6.816 1.66514725005229e-05
6.82 1.38250976476251e-05
6.824 1.83093790147638e-05
6.828 1.83314583675708e-05
6.832 1.67793079331258e-05
6.836 1.66626268085841e-05
6.84 1.6405503896468e-05
6.844 1.63854770891811e-05
6.848 1.64641988296449e-05
6.852 1.6621498588554e-05
6.856 1.81854724053036e-05
6.86 1.6719648930571e-05
6.864 1.64822367004971e-05
6.868 1.64921964686615e-05
6.872 1.67652595534626e-05
6.876 1.69561718325502e-05
6.88 1.84333441533329e-05
6.884 1.68766203058549e-05
6.888 1.6968994139192e-05
6.892 1.72818185657165e-05
6.896 1.73813158307254e-05
6.9 1.71192456857325e-05
6.904 1.66415921566183e-05
6.908 1.70943768343036e-05
6.912 1.71289370172368e-05
6.916 1.72258003832271e-05
6.92 1.6761236949252e-05
6.924 1.71353090417744e-05
6.928 1.70342918266906e-05
6.932 1.73492498353003e-05
6.936 1.72227029586211e-05
6.94 1.73526753923685e-05
6.944 1.69772313172566e-05
6.948 1.68169529825091e-05
6.952 1.70827643074885e-05
6.956 1.73417760310772e-05
6.96 1.6873608860056e-05
6.964 1.71849831193426e-05
6.968 1.69397897910203e-05
6.972 1.72175170316587e-05
6.976 1.67686197676097e-05
6.98 1.68022340864401e-05
6.984 1.46381477219065e-05
6.988 1.7182525609752e-05
6.992 1.71553020959788e-05
6.996 1.71740603026568e-05
7 1.73730377535825e-05
7.004 1.69250173566967e-05
7.008 1.42162100234985e-05
7.012 1.68729173755808e-05
7.016 1.68098274605119e-05
7.02 1.67552648979308e-05
7.024 1.62978907975891e-05
7.028 1.67536830888103e-05
7.032 1.68763066193231e-05
7.036 1.64618922123746e-05
7.04 1.63638086473391e-05
7.044 1.67785426553058e-05
7.048 1.61721464843001e-05
7.052 1.6271451196319e-05
7.056 1.57286918926355e-05
7.06 1.58596086673028e-05
7.064 1.59555009313479e-05
7.068 1.32564396832139e-05
7.072 1.60658235050381e-05
7.076 1.56381466645406e-05
7.08 1.55515195486967e-05
7.084 1.50351323158122e-05
7.088 1.54212323103365e-05
7.092 1.25938872548196e-05
7.096 1.47332490813914e-05
7.1 1.45221994022242e-05
7.104 1.44142349423457e-05
7.108 1.40525852318612e-05
7.112 1.44426327733336e-05
7.116 1.57011479109263e-05
7.12 1.41132630573538e-05
7.124 1.37581495267603e-05
7.128 1.31414743673678e-05
7.132 1.35236813416469e-05
7.136 1.28697142844208e-05
7.14 1.31022918513076e-05
7.144 1.27022062030837e-05
7.148 1.00816430062987e-05
7.152 1.25246612951168e-05
7.156 1.26410657270235e-05
7.16 9.81459078157178e-06
7.164 1.20738816283058e-05
7.168 1.19424675506625e-05
7.172 1.16889401682299e-05
7.176 1.11652778578639e-05
7.18 8.99867449048864e-06
7.184 1.0954897682348e-05
7.188 1.02556097877556e-05
7.192 1.03457228613468e-05
7.196 1.02018838819325e-05
7.2 9.88901717898363e-06
7.204 9.98475753795387e-06
7.208 9.79882502141802e-06
7.212 9.70352272333576e-06
7.216 9.38234288573379e-06
7.22 9.1048802737985e-06
7.224 8.90392192365797e-06
7.228 8.62179574733398e-06
7.232 8.47089182484651e-06
7.236 8.64700642366601e-06
7.24 8.21556395933901e-06
7.244 8.07629725057062e-06
7.248 8.52775346980434e-06
7.252 8.07885227626774e-06
7.256 7.75979501008389e-06
7.26 7.83627979458385e-06
7.264 7.72076440720066e-06
7.268 7.55927290597526e-06
7.272 7.66067449785579e-06
7.276 7.68760988702109e-06
7.28 7.42114369876955e-06
7.284 7.43500915876363e-06
7.288 5e-06
7.292 7.60794180443444e-06
7.296 7.75960225454298e-06
7.3 7.60158811480459e-06
7.304 7.78772546701719e-06
7.308 7.79624655663092e-06
7.312 5.36350417742599e-06
7.316 5.3720218965927e-06
7.32 8.05676488624098e-06
7.324 8.62894525945999e-06
7.328 8.20430309329891e-06
7.332 8.41882744407715e-06
7.336 1.03707285561654e-05
7.34 9.11441603810759e-06
7.344 8.5180572122621e-06
7.348 8.79508408049172e-06
7.352 9.67515707363525e-06
7.356 9.57210167794143e-06
7.36 1.03046034158218e-05
7.364 1.01082744475796e-05
7.368 1.06648142046945e-05
7.372 1.05258872872182e-05
7.376 1.11247879891562e-05
7.38 1.12473618865959e-05
7.384 1.12160181552812e-05
7.388 1.19326407936247e-05
7.392 1.17360709356452e-05
7.396 1.24373659152331e-05
7.4 1.23897758676972e-05
7.404 1.34269909379233e-05
7.408 1.33781352632258e-05
7.412 1.36709209643683e-05
7.416 1.38347010072214e-05
7.42 1.40722033238348e-05
7.424 1.45559707304122e-05
7.428 1.49206691560618e-05
7.432 1.50237623720601e-05
7.436 1.50450758393943e-05
7.44 1.51740099810111e-05
7.444 1.57304747699859e-05
7.448 1.56336159168297e-05
7.452 1.67509161624609e-05
7.456 1.6104322176843e-05
7.46 1.62903596066444e-05
7.464 1.69025697096347e-05
7.468 1.64381526065337e-05
7.472 1.67365008739908e-05
7.476 1.70605550547368e-05
7.48 1.70373650343107e-05
7.484 1.69717341262713e-05
7.488 1.73909665548248e-05
7.492 1.74411118549147e-05
7.496 1.6895727734595e-05
7.5 1.68103441516603e-05
7.504 1.70230680436697e-05
7.508 1.74756321434221e-05
7.512 1.6151974196853e-05
7.516 1.67450434745104e-05
7.52 1.61685542683493e-05
7.524 1.59386733588527e-05
7.528 1.59649774373649e-05
7.532 1.56629129279883e-05
7.536 1.54989530280358e-05
7.54 1.55824504245577e-05
7.544 1.47955674314601e-05
7.548 1.44564344540995e-05
7.552 1.43083112476268e-05
7.556 1.43073621751178e-05
7.56 1.38149369894755e-05
7.564 1.3198172043319e-05
7.568 1.26134995538375e-05
7.572 1.24153611011583e-05
7.576 9.67658885735324e-06
7.58 1.21388471647323e-05
7.584 1.17209034784494e-05
7.588 1.11274776706934e-05
7.592 1.03287211274836e-05
7.596 1.01034515080387e-05
7.6 1.02381038884918e-05
7.604 9.52891326406911e-06
7.608 1.06905686815877e-05
7.612 1.04528651428057e-05
7.616 8.72638613048167e-06
7.62 8.44642259014432e-06
7.624 8.49962849108626e-06
7.628 8.06298000674737e-06
7.632 9.70024722407823e-06
7.636 7.5577854288611e-06
7.64 8.15148946053691e-06
7.644 7.33712852542639e-06
7.648 9.33389260451476e-06
7.652 7.27108451887223e-06
7.656 7.77512061902436e-06
7.66 7.42362297042911e-06
7.664 9.14328079753812e-06
7.668 7.66101176941466e-06
7.672 9.61734846269777e-06
7.676 7.19739565790882e-06
7.68 8.14935395826918e-06
7.684 8.72285164153809e-06
7.688 8.71276965415905e-06
7.692 6.96344451233135e-06
7.696 9.75311320409549e-06
7.7 9.72867712292503e-06
7.704 1.01970200919256e-05
7.708 1.05621783081239e-05
7.712 1.12193607961119e-05
7.716 1.15070776204077e-05
7.72 1.19819962910314e-05
7.724 1.22288062753314e-05
7.728 1.25779550464362e-05
7.732 1.29807526811027e-05
7.736 1.34309279765306e-05
7.74 1.40309052689239e-05
7.744 1.41930308435967e-05
7.748 1.47348339611836e-05
7.752 1.50527953297601e-05
7.756 1.4948178371934e-05
7.76 1.57137273266278e-05
7.764 1.6085071139513e-05
7.768 1.62232784422447e-05
7.772 1.79529973129694e-05
7.776 1.68801709259524e-05
7.78 1.64635197898971e-05
7.784 1.72477021718109e-05
7.788 1.68734659725473e-05
7.792 1.74019494319041e-05
7.796 1.74493137729183e-05
7.8 1.73214910118998e-05
7.804 1.71630386573347e-05
7.808 1.72267578008333e-05
7.812 1.71285605318232e-05
7.816 1.65862271278714e-05
7.82 1.65372988913386e-05
7.824 1.62716369517008e-05
7.828 1.62609776456372e-05
7.832 1.58297390852528e-05
7.836 1.55191445497166e-05
7.84 1.52536376425396e-05
7.844 1.22297778147866e-05
7.848 1.43871420333945e-05
7.852 1.38703238775159e-05
7.856 1.35371179041558e-05
7.86 1.29590110940788e-05
7.864 1.20908597609378e-05
7.868 1.23799049950729e-05
7.872 1.12794759676053e-05
7.876 1.13111190043378e-05
7.88 1.0990814219043e-05
7.884 1.06228888496383e-05
7.888 9.95868105373782e-06
7.892 9.52966158432761e-06
7.896 8.77044056289093e-06
7.9 8.64927821838507e-06
7.904 8.71362484837577e-06
7.908 8.4786768606844e-06
7.912 8.37927521590558e-06
7.916 7.90569560929869e-06
7.92 5.42726791453134e-06
7.924 7.66540650824549e-06
7.928 7.10781987894377e-06
7.932 7.56377051635848e-06
7.936 7.5991140203461e-06
7.94 8.18912431755874e-06
7.944 7.79477213189692e-06
7.948 7.82395567403993e-06
7.952 8.41604035175995e-06
7.956 8.28976170108797e-06
7.96 8.6961277479232e-06
7.964 8.91855292073727e-06
7.968 9.56257122046599e-06
7.972 1.13029532214153e-05
7.976 1.03312736172434e-05
7.98 1.04133413041686e-05
7.984 1.12862018647738e-05
7.988 1.16338458204071e-05
7.992 1.17117416231065e-05
7.996 1.19063508936757e-05
